StartPoint : [51, 292]
00000000000070000700707070707707777076777070111210
11110110101100101000100001000000000007000070070700
70770707777077776777767767767676767667676676707070
70707707707777777777677767767676767667667667666667
66666666666666566666566656566566776776767676767667
66766766667666667666666666666666665666665666656656
65665656565656556556555555655455554554554545454454
54445444454444566666666566666566656656656656565655
65565556555555545554554545544545445445444445444444
44444443444434443443434343435656656656565656565655
65556555555555545545545545454545445454445444544444
54444444444444443444443444344434344343434343343343
33343333332333323323323545545545455454454544544544
54444544444454444444444444443444457077077767767676
66766666665665656556555455455454454444544444444434
44434567676666665656555554544544444443445666656555
54544544444434434333323222212111101001000000701232
22222212121111011000100000123332323223222222221221
21211121101101100101000010000134343434433433433433
33333333332333232323233434444344343434343433343333
23333233232323223232223222223222222222212222221221
22212121212111212343433333342333323323232323223223
22223222222222222212222122122121212121112111111111
01101010101000100010000001232222222222222221222222
12221222122122121212211212121112111211111111011110
10110101010010100100010000010000000000007000000700
70007007070707077071121211121111211110111101011010
10100100010000100000000000700000700700707070707707
777071121121111121011111011010101010001000
